gene	deltaEx.x	deltaEx.y	deltaEx_LCL	deltaEx_Fib	start
6362	ABCB7	-0.0878463944771901	0.0440494219273707	-0.0445622844934492	0.00998702933026283	75053172
2588	ABCD1	0.0160386476591466	-0.00522832278893332	0.0800219844640118	0.0696161074750897	153724868
5301	ACOT9	-0.0268815791869763	0.0387615582667377	-0.0353653770502696	0.0182584754140067	23702253
8849	ACRC	-0.0635981264954015	NA	NA	NA	71578411
1034	ACSL4	-0.0497448334293611	0.095769970075386	0.00066123886215043	0.0171595190810148	109624244
9908	AIFM1	-0.0538715121446914	-0.00753128526963699	-0.0390330901863519	0.0263870552749144	130129362
16927	AKAP17A	0.886501973763427	0.654809833781458	0.918245942516373	0.689261177885441	1591593
2572	ALG13	0.0467272184833515	0.224029357509629	0.179435117397384	0.109852377820159	111665811
20454	ALG13-AS1	0.240460694335712	-0.00479005742798055	0.100196546746443	NA	111706649
15324	AMER1	0.0449910717030539	NA	0.0453246386269262	0.0856840411789162	64185117
2576	AMMECR1	-0.137562200900983	-0.106047465015686	-0.0155413291419525	-0.0796850614209022	110194186
18772	AMMECR1-IT1	-0.0329145541886742	0.039155547238731	NA	NA	110305420
14814	AP1S2	0.0106021790650893	0.110473453934083	0.0354807866982044	0.110087721902445	15825806
12366	APEX2	-0.0439645797984782	-0.0448172377313723	-0.0271426638259193	-0.0338797450314301	55000357
15349	APOO	-0.0899966292986816	0.0233583094464906	-0.0246844055609111	-0.00269278758644751	23833353
9723	APOOL	-0.134168176127844	0.0280203186232402	-0.0235430743652681	-0.0247980848193164	85003826
1399	ARAF	-0.0114265191081968	-0.0362063481266142	-0.0280326393252933	-0.0145634372372	47561100
1844	ARHGAP4	-0.0154021266828214	-0.0621767000421221	-0.0183202223969945	NA	153907367
6107	ARHGEF6	-0.0268479621710356	0.0604804525567188	0.0938604733902152	0.134947638269828	136665547
6332	ARHGEF9	-0.0746807522958668	0.00572812199197179	-0.00760522107441316	-0.0540946457300255	63634967
13441	ARL13A	0.0247406582525952	NA	NA	NA	100969708
15357	ARMCX2	-0.108379772571505	NA	-0.0838332390759637	-0.0154659920544025	101655281
2655	ARMCX3	0.0399022990575943	-0.0650506149203682	0.00264660263827861	0.00074764948471389	101622797
20064	ARMCX3-AS1	0.00661408363762908	0.0207054426360939	0.0211870847550042	0.045538263709071	101622983
16488	ARMCX4	-0.112486933576801	NA	NA	-0.00945194888865635	101418287
5711	ARMCX5	-0.0942307197096466	0.0318740754444317	-0.0721690247083003	-0.0635662089370949	102599168
31306	ARMCX5-GPRASP2	-0.13564055947919	-0.0236233912173286	-0.00421261249091448	-0.0586619866466542	102599512
17258	ARMCX6	-0.105894494062627	0.00622072740758649	-0.013397191662454	-0.0355540583794927	101615118
5018	ARR3	-0.156013912250704	NA	NA	NA	70268305
157	ARSD	-0.0713221773535242	0.314799130427206	NA	0.176987992241631	2903970
12348	ASMTL	0.989430508705728	0.795087728769665	0.730314502773435	0.647429973034898	1403139
22537	ASMTL-AS1	1.59802610104628	0.938015240656968	1.97019708378889	0.745605502687513	1401769
2559	ATG4A	-0.0680965896828811	-0.0548604364371857	-0.0256281014978798	-0.0609288168850939	108091668
2585	ATP11C	-0.0730919027807914	-0.044600577745763	-0.0341642348821535	-0.026038328544313	139726346
1151	ATP6AP1	0.034888283670138	-0.00782569531943608	-0.0235368671890458	-0.0267441181793665	154428632
14800	ATP6AP2	-0.0207679611836769	0.139416919173367	-0.0249729234826724	-0.0408341491891904	40580908
11418	ATP7A	0.00416605546936535	-0.0675297368498544	-0.0641190390457437	-0.0143057877328957	77910656
1638	ATRX	-0.102318752839077	-0.0562400189284157	0.0134652366582952	-0.0294828497359452	77504878
5817	AVPR2	0.0972214522599457	-0.16494420830706	NA	NA	153902531
15580	BCAP31	0.0284985046983445	0.0410216525061828	0.00194061385837492	0.0510852406272812	153700497
15036	BCOR	-0.089517349318944	0.143465760524678	0.115449469550043	0.012531331504212	40049815
1637	BCORL1	-0.0258533546757772	-0.0903691927297986	NA	0.0247051049875697	129981107
6656	BEX2	-0.147745982866974	NA	-0.235506011648554	NA	103309346
2656	BEX4	-0.119334555305985	0.0185740666626541	-0.107689354282624	-0.11593773536518	103215092
15293	BEX5	-0.0657035750477656	NA	-0.137328994429213	NA	102153708
15511	BRCC3	-0.0511731637013558	0.0187838508612554	-0.00963218556407841	0.00722048389789025	155071420
11430	BRWD3	-0.0112219762029099	0.0200788338949858	-0.0235667857694867	-0.0700860931166567	80670854
268	BTK	-0.238394094909298	-0.0318036123123376	-0.0125201416255819	NA	101349447
12806	C1GALT1C1	0.00745496175067196	0.0669379325831853	0.0354370184742461	-0.0251869299826495	120625793
12383	CA5B	0.188234241129372	0.0895228927990995	0.165778426557352	0.338394740596673	15688830
8821	CASK	-0.0256851308482019	0.0802088179201725	0.14749581677329	0.0155250361892447	41514934
8841	CCDC120	0.0683716506400236	NA	-0.0213615865185897	-0.0919716433685146	49053572
2589	CCDC22	-0.0113173424590191	-0.0187159920622843	-0.00896178223596903	0.023651666070769	49235467
2635	CD40LG	-0.00278096013403999	-0.0888581319149059	NA	NA	136648193
23	CD99	0.837931414682823	0.88853415617393	0.473068761691474	0.694330965821369	2691179
2624	CD99L2	0.00324394612610667	0.0448426207030377	0.0388775401375039	0.0519756517220869	150766337
2629	CDK16	0.386648540605056	0.130889342310926	0.0905905447682663	0.241082134137887	47217860
200	CDKL5	-0.178486905273746	-0.108046070848562	-0.120993882434003	-0.0312467748691701	18425583
2650	CENPI	0.011367921005428	NA	0.0112379688456801	0.0544130278788062	101098218
8872	CETN2	-0.0849376824755343	0.0676162317800299	0.0142013807643997	0.00509182553378459	152826973
5792	CFP	-0.0517474687066621	0.0725307065601894	-0.171654836965267	NA	47624213
16703	CH17-340M24.3	0.0104574395796977	-0.114086349865018	-0.0769184521279886	-0.108647131845062	154424380
17425	CHIC1	-0.0490122570471456	NA	0.0100404178623837	-0.054640421668785	73563200
16141	CHM	0.00673751432611557	0.0539923678000146	0.100936856252008	0.0900412597599213	85861180
8832	CHST7	-0.0470750408909234	-0.0587626689043486	-0.0273304259881757	-0.0284323546639897	46573784
9815	CLIC2	-0.0731764782725481	0.180810961417777	-0.0986169892875011	NA	155276211
14900	CMC4	0.0339901196430005	0.130110389386675	-0.0699178192142728	0.0380270871029038	155061622
9182	CNKSR2	-0.0740002096059608	NA	NA	NA	21374418
6350	COX7B	-0.0792049526605124	0.0843394519798661	-0.0395541755392973	-0.00436572829496132	77899438
17007	CSF2RA	0.189485290434451	0.861807210727468	NA	NA	1268800
2554	CSTF2	-0.0117207302206069	-0.0459084926348242	-0.0197615869941036	-0.0267242634323	100820359
612	CTPS2	0.103768873915751	0.108002175679884	0.0120526522603464	0.196646358567633	16588003
10088	CUL4B	-0.0210183233740306	-0.0592260217975194	-0.00637984845574452	-0.0134332373006344	120524609
15800	CXCR3	0.00460960103579665	NA	0.148637938451834	NA	71615916
4993	CXorf21	-0.036684691036525	0.134533392885964	0.308877334718167	NA	30558824
13357	CXorf23	-0.000848209078115487	-0.020676324946681	0.0247105489516095	0.0466048341194333	19912860
8829	CXorf36	0.116525545595882	NA	NA	NA	45148374
15563	CXorf38	0.224119981990154	0.0349809589909055	0.123418659435692	0.108931876813438	40626921
16824	CXorf40A	-0.037738137523845	0.0573340850457091	-0.0551013593434126	-0.0378505446270352	149540355
16654	CXorf40B	0.0165015512601316	0.0977720009416468	-0.0024005029072753	0.010972449208251	149929527
381	CXorf56	-0.0579016444926105	0.00859594001200246	0.00659152824213019	-0.024365236870736	119538149
8856	CXorf57	-0.200967414890141	NA	-0.187201464638883	-0.194806599537502	106611930
17440	CXorf65	0.0875755360024992	0.0780578241629631	0.0278072845485368	NA	71103889
11398	CYBB	-0.314679647148022	0.0269813406234969	0.0879859717226991	NA	37780011
13255	CYSLTR1	0.0190297085019677	0.00838301075506403	-0.0581508653354298	NA	78271464
22306	DANT2	0.0267565994776284	0.00217165953818598	0.113941076093735	NA	115917271
11441	DDX26B	-0.0737533709078977	-0.012564568992494	-0.0127128752778108	-0.138091083448837	135520659
18320	DDX3X	0.227090523269103	0.377313695050113	0.257297961491184	0.164251090357313	41333348
12345	DHRSX	0.77443317765164	1.02589539938298	0.967259754137355	1.11564566829162	2219516
18590	DHRSX-IT1	0.0956574564098621	0.474781964238218	NA	NA	2334295
8852	DIAPH2	-0.0895975070279639	0.119760240418827	-0.0327751497542474	0.00791959274502276	96684663
22616	DIAPH2-AS1	0.0153596895718933	-0.0225477419767796	NA	NA	97431286
6290	DKC1	-0.0203907870309126	0.00957722748842013	0.0220255098390467	-0.0148207619618495	154762742
1559	DLG3	0.0611275728052376	NA	0.175574675536348	0.0740312546165953	70444861
21138	DLG3-AS1	-0.104123059259266	NA	NA	NA	70452958
15366	DMRTC1B	0.0628428521340572	NA	NA	NA	72777009
338	DNASE1L1	-0.000882057934858492	0.0720570694856934	-0.0960308066494319	0.00633366451972942	154401238
8859	DOCK11	-0.0250064112235682	0.0551236809269979	-0.00710392333166942	-0.00479532336348689	118495898
11399	DYNLT3	-0.0269081859736257	-0.00327080440658776	-0.00888057874333161	-0.0271292520665469	37836757
8843	EBP	0.0125730300184734	0.0091463696288637	-0.0740186006351968	0.00820345891790977	48521158
10154	EDA	-0.286946077130406	NA	NA	NA	69616067
15114	EFHC2	0.0614674733939124	0.255248885899388	NA	NA	44147882
1886	EFNB1	-0.159476229885311	0.119754999761116	NA	0.116618086175393	68828997
13354	EIF1AX	0.598038534801085	0.531568827215281	0.510866118985773	0.564920697874324	20124518
19049	EIF1AX-AS1	2.0028137014032	1.3555337715167	NA	NA	20139968
6265	EIF2S3	0.231639809720185	0.106530283786631	0.219755516488625	0.316112202703917	24054716
2598	ELF4	0.0274603393606753	0.0428478217214547	-0.023697203215122	0.0295233803696432	130064874
5793	ELK1	0.0889653392031384	0.0479770956032207	-0.0280676849992135	0.0110150262909033	47635521
2615	EMD	0.0648997463565083	0.0291826444978497	-0.000983546922983634	0.0500798462288606	154379197
11516	ENOX2	-0.0637035995906909	0.0556464666248202	0.00236012033829359	-0.00831708333765228	130623369
15395	F8	-0.100800211570667	0.00764148492155935	-0.134126072200874	-0.176645482978404	154835788
33690	F8A1	-0.0183230466507642	-0.118444025400794	-0.0170761333570939	-0.0582661202487321	154886349
32895	F8A3	0.106598414332711	0.0586945239694567	-0.0570888898416363	0.0889955997696036	155456914
11494	FAAH2	-0.0700473134140588	NA	0.230172121675795	NA	57286706
14859	FAM104B	-0.0111058407941566	0.0921931148706917	0.0283788358342549	-0.0112988774213498	55143102
15200	FAM120C	-0.0570554292279977	-0.0781094911916127	0.0771643216590822	0.0220334322409639	54068324
9886	FAM122B	0.00983395602655074	-0.0245193964772023	0.0212281399200174	0.0332109125490142	134769566
9884	FAM122C	-0.0973828514111371	-0.0202868285783999	-0.0245223886815056	0.0766734615239964	134796789
6855	FAM127A	-0.0224049083807808	0.0152448646360829	-0.0771468412155124	-0.00823568782291068	135032366
17384	FAM127B	-0.0433741925470693	0.0271296443468631	-0.0919843624849398	9.03890814757145e-05	135050932
30718	FAM156A	-0.0577247219231985	-0.0890045232684687	0.00669380654956478	-0.0479351883388197	52926402
14342	FAM156B	0.0622558502034736	0.00977410953750613	0.0692167616585754	-0.0207225996707764	52891306
5358	FAM199X	-0.00392427886232552	0.0116810563757993	-0.0114399256971111	-0.00464372093154593	104166620
33266	FAM223A	0.00281219313909268	-0.0737038501904589	NA	NA	154571248
31797	FAM223B	0.00281219313909268	-0.0737038501904589	NA	NA	154632470
1159	FAM3A	0.0662313348003276	0.0390309151358793	-0.00192973333968916	-0.0207132250220596	154506159
1158	FAM50A	-0.0569716245509706	-0.0295803945708165	-0.0390424700815141	-0.00571416531220416	154444126
29441	FAM58A	0.00746915685721693	0.0824722717898135	0.00720791867028066	0.0162370843331594	153587919
2640	FGD1	0.0444247702464598	NA	NA	0.0717928152456435	54445454
6109	FGF13	-3.27393495541796e-05	0.0818437468243307	NA	-0.0211749947143885	138614731
412	FHL1	0.0599606209836951	-0.104494721166018	0.549135263828831	0.465016144410603	136146702
18066	FIRRE	-0.0734322874695012	NA	NA	NA	131702650
16627	FLNA	0.0614056381450269	-0.0959912208979505	-0.0274064878891963	-0.0295719990991803	154348524
2608	FMR1	0.0289121138194773	0.0557250542128853	-0.0393988654215117	0.0179162077946924	147911951
22647	FMR1-IT1	0.0742239743753935	0.0378744890644476	-0.0214713707628348	-0.138198506944295	147946941
15284	FOXO4	0.0548200044221417	-0.0771008234477775	0.0218479026668451	-0.0153894278188276	71096197
665	FOXP3	-0.124549007263334	NA	NA	NA	49250436
1038	FTSJ1	-0.0293334902145091	0.0280919825556747	0.00851874012127507	-0.0195888287750166	48476021
20806	FTX	0.0840556069225909	0.0017559826687452	0.102816501721791	-0.0353123575472604	73963955
1072	FUNDC1	0.0786584148065297	0.113422231402372	0.265901869348854	0.0244320588725715	44523639
11539	FUNDC2	-0.0951276720212518	0.158393110079237	-0.0464046661187004	0.0116484600782481	155025980
10328	G6PD	0.0108575164022663	-0.0237685296062075	-0.0345428187942427	-0.0327989529735523	154531391
10333	GAB3	0.00818013034812948	-0.0520681235514668	NA	NA	154675249
22786	GAGE12B	0.0629711126772346	NA	NA	NA	49529869
17368	GDI1	-0.0137232018965982	-0.0727335820895414	-0.0308535436671665	-0.0553410274037789	154436913
605	GEMIN8	-0.010510331642999	0.0165686419811698	0.115026473587142	0.481067173957797	14008279
17179	GK	-0.108001482280607	0.145846711577106	-0.0399127186943607	0.0650118673205803	30653359
23740	GK-AS1	0.470701728049211	0.0255666360948835	NA	NA	30699998
20407	GK-IT1	-0.15103017977828	0.228302191615154	NA	NA	30671635
2654	GLA	-0.065677390810903	0.0652236570685742	-0.0964368267986933	0.00822016503026403	101397803
6148	GNL3L	-0.0730197983772842	-0.0438058632062436	-0.0228901081335643	-0.0692232037591533	54530211
1036	GPKOW	-0.0857211988893537	-0.0493004359017288	-0.0318771278343473	-0.0260836840533135	49113389
607	GPM6B	-0.0750945306441213	NA	NA	NA	13771031
8839	GPR174	-0.0337848978963841	NA	0.574802143325672	NA	79170972
12926	GPR82	0.0102718329285803	0.0547186338150891	NA	NA	41724155
17245	GPRASP1	0.100816880404486	NA	NA	0.0398646713759296	102651366
10091	GPRASP2	0.0333462157467175	NA	NA	-0.000367291838734144	102712176
1037	GRIPAP1	-0.0741748218661163	-0.0983872915368516	0.00321296661746067	-0.105992129501677	48973720
16350	GSPT2	-0.0615995557741552	-0.0273312351618756	0.0176449106434997	-0.0247125856633163	51743431
14215	GTPBP6	0.813891103109163	0.551139582745325	0.962403510970816	0.669791283176612	304529
18052	HAUS7	-0.000579498111507724	-0.0391704822364485	0.0264367543167403	-0.0558069543962294	153447666
70	HCCS	-0.0255386425728673	0.0248278899074631	-0.0518088355266786	0.023065512898905	11111301
13134	HCFC1	0.0848963446659523	-0.0479999046094053	0.0503766348994185	-0.00189797788617135	153947553
22471	HCFC1-AS1	-0.0774474833318857	-0.101802144555872	0.116529479324844	0.198945617917066	153969325
1991	HDAC6	-0.00713545128908236	-0.0810557575568424	0.0318837802336411	-0.0529341085772298	48801377
8827	HDAC8	-0.102123017074445	0.0772866847146707	0.0238856702166229	0.0394967382450917	72329516
479	HMGB3	-0.100031833045526	0.268852344577047	-0.0135829519742872	0.0578883952641509	150980509
16986	HMGN5	-0.246776374726804	NA	-0.0823182380802895	-0.180723742627943	81113701
5820	HNRNPH2	-0.0200473364015619	0.133839135633528	0.00688068701859275	0.0036904498561405	101408295
11528	HPRT1	-0.0605436501361412	0.0458979390018135	-0.0452606986851215	0.0147853546208397	134460153
1188	HSD17B10	-0.0125440852384584	0.0481884627163454	-0.0171669304254058	-0.0238690885163994	53431258
2633	HTATSF1	-0.0561784361717654	-0.00227774224868468	-0.00847936374696285	-0.00536734971205365	136497079
1699	HUWE1	-0.0524549789532304	-0.0726253571821167	0.0281362667760879	-0.035514457274671	53532096
1015	IDH3G	-0.0203125503975303	0.0179346413933527	-0.0312353978574778	0.00174893049297241	153785766
263	IDS	-0.013109306539858	-0.012500579474634	-0.0261977627061428	0.034562405205196	149476990
1825	IGBP1	-0.105304799335011	0.0558638120586828	-0.0317542004244598	0.00350199187657061	70133449
17298	IGBP1-AS1	-0.0224777208566185	0.0507770294820538	NA	NA	70163842
18428	IGBP1-AS2	0.0389642552125362	-0.168635657156242	NA	NA	70148582
30919	IKBKG	0.0592990170029594	-0.036365608738584	0.00155940054318161	-0.0180592850920141	154541199
6417	IL13RA1	-0.171523068691606	0.138551960285765	-0.146714069350847	2.77449221784889e-05	118727572
8848	IL2RG	0.0171038373192527	0.0166210137584699	0.0661946230879708	NA	71107404
15466	IL3RA	1.28848833891918	0.915636871710384	0.701941180031533	NA	1336616
19034	INE1	0.164309042017192	0.089183669414152	0.13099760812294	0.0926633550023398	47204921
15226	IRAK1	0.0745148801131568	0.0716168123476672	0.0567513352349558	-0.0126580399792762	154010500
8847	ITGB1BP2	0.0547964897614196	-0.0048005678044608	NA	NA	71301734
1422	ITM2A	-0.124556519522921	0.0295885507393113	0.0967326399132455	NA	79360384
19183	JPX	0.467415671783581	0.225997106952188	0.689147807923106	0.363524765475957	73944324
21441	KANTR	0.0162886502644654	0.100539358187018	-0.0340428374749732	-0.0300657941487272	53094145
5728	KDM5C	0.735680949563711	0.421552912600933	0.729975255109069	0.579208620355218	53191321
22309	KDM5C-IT1	0.772996878549734	0.322265257620814	NA	NA	53212408
8822	KDM6A	0.755636307313188	0.534572906312078	0.828883462023133	0.447811052346307	44873177
2646	KLF8	-0.12810464888171	NA	-0.130498874612771	NA	56232421
13413	KLHL15	-0.0133642095370892	0.0124083928102791	0.0086509374582976	-2.34272745667459e-06	23983720
8833	KRBOX4	-0.0584927219516854	0.0923594181526825	-0.0179588968771381	-0.0101966904793152	46446857
16642	LAGE3	-0.0102143633463393	0.0289209794049425	-0.0581219672407712	-0.104915127582013	154477769
111	LAMP2	0.0334236939850253	0.111923236250204	0.00242461929784428	-0.0197241691325102	120427827
13	LAS1L	0.0130189005627995	-0.0170295150267424	0.00630744475036325	0.00709854104115297	65512582
32266	LCA10	-0.0710897296306316	0.0276864698956182	NA	NA	153880672
14794	LDOC1	-0.177866988869784	NA	NA	-0.141912461327227	141175745
22832	LINC00106	0.791504008243061	0.756619547839272	0.869288890672766	0.717238919487892	1396427
18582	LINC00630	0.0553608847186672	-0.00550965928062017	0.0405241006765684	-0.0156855837410742	102769161
32609	LINC00684	0.0454818368614625	NA	NA	NA	72938163
19402	LINC00685	0.330299210078183	0.0887462105507023	0.265512808059575	0.21522297061869	320990
33539	LINC00891	-0.0217495254490733	0.0967825974876343	0.0741717693398834	NA	71697196
21607	LINC00892	-0.0416756783830218	0.144819578365375	NA	NA	136639543
23598	LINC00893	-0.103322828732236	-0.034266913891381	NA	NA	149527591
22441	LINC00894	-0.0558886706778281	-0.175337883522469	0.0913675787960498	-0.0549067808116494	149938628
19666	LINC01203	-0.0906090343295538	NA	NA	NA	13335241
22360	LINC01278	-0.121679297478214	-0.0985188632707621	0.016817670161647	-0.00244099729035344	63343227
22328	LINC01281	-0.181088843319993	NA	NA	NA	39304956
20018	LINC01402	-0.167720573960864	-0.11247884954294	NA	NA	120117642
17471	LINC01420	-0.0292259151318185	0.0809764328032205	-0.00417254098077088	-0.0560093998374064	56729259
22139	LINC01496	-0.121110806186414	NA	NA	NA	51502090
16578	LINC01560	-0.0793784006516651	-0.116082446968025	0.0388687785848393	-0.057807102124325	47483571
21167	LL0XNC01-116E7.2	0.0254765140270139	NA	NA	NA	103917411
13680	LONRF3	-0.204829335671585	0.474038438257861	NA	NA	118974614
14067	MAGEB10	0.0884197774005219	NA	NA	NA	27807990
14328	MAGED1	0.0244132139423838	-0.153001040508852	0.036672974205518	-0.0169179059401604	51803007
2644	MAGED2	-0.0173793669175436	0.00224211110699699	-0.00427589007921719	-0.0582458823982661	54807599
15904	MAGED4B	-0.327712239245647	NA	NA	-0.173933436868692	52061827
17247	MAGEE1	0.105872979402913	NA	NA	0.233572322170827	76427724
15950	MAGEH1	-0.0348176666777695	0.0588383187659329	0.0523192771718407	0.0037679250871852	55452105
2620	MAGT1	-0.0300864608916196	0.0660173524759215	0.00539901256844419	-0.0348003467602473	77826364
6108	MAP7D3	-0.110250749958339	-0.0177223874122479	-0.0368164811494813	0.0149736890454361	136213220
1349	MBNL3	-0.033733734965821	0.0389129425098142	0.0622189169468734	-0.162705470280818	132369317
313	MBTPS2	0.114619893160645	0.0927861662656695	0.0327601254150468	0.0789629032319309	21839636
21307	MCTS1	-0.077740533750409	0.011297691301644	-0.0242970178467291	-0.0154980681624244	120594010
12338	MECP2	0.00436542054960495	-0.0136150944725493	-0.0183984116916596	-0.0380213551319279	154021573
15316	MED12	-0.0522430905189529	-0.107789253367711	0.0368606606892791	-0.032453494093258	71118556
14474	MED14	0.111842374944784	0.102059634347627	0.0807901647413598	0.0575125726197835	40648306
11401	MID1IP1	-0.0359956489794916	-0.0451362786559293	0.0797719951617491	-0.056993414570677	38801432
23222	MID1IP1-AS1	-0.113897055693029	-0.0245285458801462	0.00280009761190131	-0.104848848049981	38801568
1489	MID2	0.0955490246764724	NA	NA	0.229165838601177	107825755
31137	MIR222HG	-0.252902743365598	1.02644029784205	NA	0.0848260188248574	45745211
12431	MMGT1	-0.000940772266968818	0.020629390186816	-0.0510584504587189	-0.0271475637733885	135962070
6655	MORC4	0.0864416591935646	NA	NA	0.0459797129629666	106813871
5354	MORF4L2	-0.0617249718768027	0.0759059345414866	0.0209425960161883	0.0107533216276898	103675496
20987	MORF4L2-AS1	-0.0463275477485171	NA	NA	NA	103687284
2575	MOSPD1	-0.0863197754358744	-0.0345970689152769	-0.0526242854292704	-0.0237013725845683	134887626
6150	MOSPD2	-0.0286471096029376	-0.0199652310085062	-0.00981840556210417	-0.0139725686377088	14873441
6293	MPP1	0.0574079025624633	0.00935102906595495	0.237244380340534	0.214537642248246	154778684
91	MSL3	0.000600023749040195	-0.0464758909304047	0.25700812564964	-0.0179841599013529	11758159
8824	MSN	0.0552431773223438	0.0125353531781465	0.020956354420603	0.0448152554253041	65588377
18248	MTCP1	0.0897298189970009	0.10073212052374	NA	NA	155061622
12788	MTM1	-0.0213500307169032	0.0599416410515174	0.0343339177076213	0.0552974656632008	150568619
859	MTMR1	-0.0212430806820183	-0.0642414717004654	0.0368653430872233	0.048356828949705	150692971
2600	MTMR8	-0.126010265151389	NA	-0.0160718483410461	NA	64268081
2596	NAA10	0.00422876876467018	0.0260092625227208	0.0529268172108239	0.200890410780112	153929242
15733	NAP1L2	-0.179974689646514	NA	NA	NA	73212299
15701	NAP1L3	-0.194219814061557	NA	NA	-0.0944702717114461	93670930
5582	NDUFA1	-0.0812315739520916	0.0977547057892742	-0.000663069662993991	0.0277796333762518	119871487
8834	NDUFB11	-0.031898904051844	0.0211873905341999	-0.0357170354888477	-0.0278268489060905	47142216
11763	NGFRAP1	-0.164703812780121	-0.0313813425714847	-0.320001978735526	-0.00362345857493457	103376340
17430	NHSL2	0.0545509375923304	-0.0855143524288785	NA	0.122797852617057	71910818
2566	NKAP	0.04949842200997	-0.0507178401795792	0.0112603743589909	0.0144723953146561	119920672
15720	NKRF	0.290606761753408	0.0477294526873481	-0.0224497748875615	-0.0444229385819817	119588337
16445	NLGN3	0.0381454682500579	-0.00654016597094631	NA	NA	71144831
8840	NONO	-0.041823695077989	-0.0071690679274479	-0.00264801738670018	-0.0160920331116499	71283192
8870	NSDHL	-0.00331157987375442	0.0333950390588714	-0.0268521787318478	0.0652134828690496	152830967
2568	NXT2	-0.0118063299635523	0.102588004323117	-0.00221531953554789	-0.028620793320728	109535781
5193	OCRL	-0.0395634628347186	-0.00809828654638705	-0.0186671667019285	0.0172204249163735	129539849
606	OFD1	-0.0323973340151258	-0.102178391583167	0.0922632494921904	0.277558596573499	13734745
8845	OGT	-0.0411916023122557	-0.0678105149593698	0.015982263197532	-0.0590914730035187	71533083
1461	OPHN1	-0.057146457405587	0.0643169584770268	NA	0.112449829048436	68042344
1031	OTUD5	0.0165771538598669	-0.0353766915548899	-0.00461671509810374	-0.0153259145290787	48922028
1421	P2RY10	-0.0529521590427348	NA	0.308440003028904	NA	78945332
14782	P2RY8	1.24371539223572	0.419527154346269	0.893223440114003	NA	1462572
2653	PBDC1	-0.0530817594668713	0.0493829597205947	-0.0242796322408357	0.00221795510395288	76172936
2614	PCSK1N	-0.102349381154775	NA	NA	NA	48831094
6435	PDHA1	-0.0948808318904205	-0.0648388405967741	-0.0426546794125525	0.0071247693840642	19343893
1021	PDK3	-0.00861652613176912	0.00706507065358125	-0.0265551325338583	0.14800395618832	24465221
5019	PDZD11	-0.11086662873874	0.0904562508779159	-0.0688202258603381	-0.0227520159856743	70286595
1017	PDZD4	0.13653278236482	NA	NA	NA	153802166
2618	PGK1	-0.0433124222738002	0.0974646318658642	-0.0078432814981926	-0.0268487994924281	78065188
2563	PGRMC1	-0.0202537206889066	0.0351611393807562	-0.0489415385444067	-0.00801758493160014	119236245
9892	PHF6	-0.0827807671574911	-0.0161989240670312	-0.0298011182312542	-0.0357589229079216	134373253
13213	PHF8	0.017080426679394	-0.0293891535096549	-0.00016872037902814	-0.0297322592327411	53936676
600	PHKA2	0.0258440067438054	-0.0245239605993955	0.0396265798648528	0.0971033470966276	18892300
23134	PHKA2-AS1	-0.0350900123962466	-0.0139560706466755	NA	NA	18890296
11409	PIGA	-0.0695192380494267	-0.00936477015029892	-0.0123043044891459	0.0136443737675299	15319451
2609	PIM2	0.103030401780345	-0.0690896316742791	0.058936421906356	-0.168982658138895	48913182
2641	PIN4	-0.0256518969552256	0.0312389866881975	0.183633503807576	0.216691232492261	72181353
14634	PJA1	-0.13770740476163	-0.0516985414263242	0.0226466239486819	-0.00460056204480665	69160851
14836	PLCXD1	0.659958421230339	0.514741172760282	1.02678714590903	1.2189712583576	276322
2592	PLP2	-0.0208605315071382	-0.0111761860369053	-0.11481005000529	0.0423053067243413	49171926
31432	PLS3-AS1	0.057438471445676	-0.0412951395653113	NA	-0.0522712192421316	115518182
6291	PLXNA3	0.0438734972545039	-0.0356704400662707	0.0429683462783937	-0.0132964905509172	154458281
15159	PNMA3	0.0152699364123924	NA	NA	NA	153056409
158	PNPLA4	0.117814243591719	0.237847244746648	0.821236335360875	0.301383897114469	7898247
2564	POLA1	-0.134806120240375	0.0496134209339845	0.00597273500302327	-0.0053098203811433	24693919
2642	PORCN	0.0779047230934753	0.000927655644985946	-0.0408891658016665	0.0448018181322273	48508962
666	PPP1R3F	0.0161535607752886	NA	-0.0142337977301371	-0.111121342171133	49269843
11933	PPP2R3B	0.75306905898284	0.815595322389063	1.47118237453621	1.07317857783177	333963
2612	PQBP1	-0.011450381168628	0.0132012040456263	-0.0281674642026491	-0.0489243362193267	48897912
23770	PRAF2	-0.00311100903158173	0.027097115500504	-0.00479795417280343	0.0085519072502808	49071156
5302	PRDX4	-0.0517935756599107	0.115414193844138	0.0470932627314031	-0.0548409397330393	23664262
314	PRICKLE3	-0.068022676076613	-0.0819560426404566	-0.0353800721186867	-0.0522477147105481	49175264
15177	PRKX	0.470393041373617	0.400835377273488	0.466814288347407	-0.0808167553710168	3604370
22595	PRKX-AS1	3.46282439517562	0.603489598035067	NA	NA	3659487
8855	PRPS1	-0.0521466472212307	0.0299279041868756	-0.000523522368790791	0.158910998118771	107628424
2573	PRPS2	-0.0835280717382865	0.00359879698101084	0.01203071839209	0.0428228729703241	12791355
6139	PRRG3	0.0624212235623306	0.0114941352544821	NA	NA	151695124
2558	PSMD10	-0.0570961685160996	0.165240430524627	-0.00887330091532136	0.0209602564724538	108084207
6136	PUDP	0.401430901764244	0.491692569601436	1.00293414076085	1.18335713040698	7048920
6856	RAB33A	0.078034688127958	NA	-0.0305988024150077	-0.251631185147346	130171649
9814	RAB39B	0.0155913941530619	NA	0.00290604680727066	-0.0129033219730307	155258241
5362	RAB9A	-0.0770529316186881	0.0186996610023448	0.0432066501279123	0.173579906855177	13689121
5374	RAP2C	0.070242385871375	0.0836541664423714	-0.0182905009951068	-0.0268153104451512	132203024
21318	RAP2C-AS1	-0.0306646707772664	0.00141329493713439	NA	0.0164135143384465	132217147
2603	RBBP7	-0.0418816614633432	0.0361311654386813	0.00774798755597748	0.292413699679713	16839283
14931	RBM10	0.0177405511909762	-0.0654954268907949	0.0146441647489275	-0.0247611700125636	47144869
2645	RBM3	-0.0602528272710362	0.0905193209441501	-0.0366966484779996	0.0441726660446909	48574449
1836	RBM41	-0.0251351372473403	0.0128524277838876	0.0222259823429459	0.0170946848230172	107064420
8864	RBMX	-0.033695436722715	0.0130847150003652	-0.00500160919226807	0.0102005997968574	136848004
6858	RBMX2	-0.106027711868876	-0.0298399390326027	-0.0498698906046839	-0.0318221802171608	130401969
2597	RENBP	-0.0139160641173747	0.0134225080484187	-0.118941805387073	NA	153935263
27494	RHOXF1-AS1	-0.0314264166823472	NA	NA	NA	120036236
6360	RLIM	0.107719721350369	0.264728763700535	-0.0318046925358143	-0.00307308348351238	74585217
5579	RNF113A	-0.0885069275937052	-0.0210975627067704	0.00200717318584365	-0.0466305484911474	119870475
30852	RP1-172N19.1	-0.0103686807685833	NA	NA	NA	72781883
31055	RP1-172N19.5	0.0370777761295717	NA	NA	NA	72777608
21389	RP1-315G1.3	0.0907796876346731	0.394456873305883	NA	NA	123959233
18570	RP13-297E16.4	0.849357955240507	0.581994646657967	0.953862510748669	NA	1732584
2627	RP2	-0.0341958941677071	0.0653939680601075	-0.0593098933148645	0.00304785571770675	46836940
21114	RP5-1158E12.3	-0.144171066702901	NA	NA	NA	45848074
9864	RPGR	-0.0297201808139009	0.0619465649751464	0.0403136325110089	-0.0114622909925196	38269163
8873	RPL10	-0.0279687434273465	0.124262002964077	0.0193093395175931	-0.00348046074308166	154389955
23537	RPL36A	-0.152980709704415	0.0281853448673088	-0.0401895663660548	-0.0401630623896964	101390824
27144	RPL36A-HNRNPH2	-0.177087542043933	NA	-0.0268214885542147	NA	101391011
17237	RPL39	-0.0748954655125176	0.0865809191078517	-0.00319482549358816	-0.0365766810480632	119786504
16946	RPS4X	0.0877377799600903	0.387863573516569	0.604322143144979	0.428965131903594	72255679
13969	RPS6KA3	0.00169513798219015	0.071550000370393	0.0235122558319389	0.0456436694678622	20149911
1172	RPS6KA6	-0.0741700684781638	0.064190724264975	NA	0.0801094600371215	84058346
1594	RRAGB	-0.0846197807274441	-0.0273191640830167	-0.0340984874126401	-0.0268821251526353	55717739
5192	SASH3	0.00467617982738051	0.0616529021325476	0.0527495694386644	NA	129779979
6147	SAT1	-0.128604132101513	0.0338750507285314	-0.0582261543821138	-0.163502224755549	23783173
624	SCML1	0.00490748485395453	0.00185290002831146	-0.185175615783651	0.0139790127564007	17737449
5580	SEPT6	0.257399055985925	0.0754324582188622	0.288814907110109	0.00913917752871884	119615724
15175	SH2D1A	0.070523074881883	NA	NA	NA	124227868
6349	SH3BGRL	-0.0835814323845097	0.132613778111129	-0.028605770429665	-0.0544524037736851	81201943
8817	SH3KBP1	-0.0393095688341399	0.0699519316357437	0.00222063145041484	-0.0885757179683483	19533975
15618	SHOX	0.0548888585318314	-0.0139750209836804	NA	NA	624344
5818	SLC10A3	0.0230495789663975	-0.0619448932005263	-0.00160466421009974	-0.0374089606511634	154487306
2607	SLC25A14	-0.0809735974524631	-0.0291696902110543	-0.014664136333427	-0.0204767064311262	130339888
1388	SLC25A43	0.0622638384917194	-0.0650352963581494	-0.0200229993136981	0.0338137747391787	119399060
75	SLC25A5	-0.0818607129415307	0.012650234323953	-0.0331784781844244	0.0205684803459739	119468400
18817	SLC25A5-AS1	-0.0864232192436295	NA	NA	NA	119466034
31008	SLC25A53	0.00861073708324479	NA	-0.00138226461473419	NA	104099214
12349	SLC25A6	0.806240716856407	1.02651724932317	1.0206136268766	0.742380277167768	1386152
2611	SLC35A2	0.140668706633333	-0.0774229249360208	-0.0428143803709682	-0.0147749740291637	48903180
374	SLC38A5	-0.0131183960529161	NA	-0.0172367505460552	-0.185602478404928	48458537
17126	SLC9A6	-0.00857969502946015	0.0397976480748286	-0.0358176635970501	0.028391940881516	135985424
947	SLC9A7	-0.0426857273789765	0.120490989893922	-0.010269267482576	0.00398787826274859	46599252
1187	SMC1A	0.344321143098731	0.197727118787868	0.579768416062781	0.426498447846721	53374149
2621	SMS	-0.0207714640380843	0.0396189535883479	-0.0456531905590419	0.0259997659744216	21940573
8846	SNX12	-0.0081382738305259	-0.0313069787794344	-0.0203246708575153	0.0201436751746734	71056332
8823	SPIN2A	-0.200364567783642	NA	NA	NA	57134530
15793	SPIN2B	-0.043874087760432	0.0309313552220082	0.0652629356889751	-0.0211674633915541	57118551
17470	SPIN3	-0.0822785891204316	-0.214008655333317	0.0120826424034506	-0.117333430619069	56976370
14581	SSR4	-0.0489175103928123	0.0576217715443657	0.0349267826767654	-0.0426569917852661	153793516
15989	SSX7	-0.0195702495772259	NA	NA	NA	52644090
2584	STAG2	-0.0399243506744343	0.016686757626937	-0.0187914747133044	0.00312444706048547	123960212
6859	STK26	-0.00603513699666947	0.0652301578830166	-0.0334107786819976	-0.0452670213660408	132023265
2579	SUV39H1	0.0716999207252622	0.000915552700198775	0.0246522859018386	0.0487185882232319	48695554
12521	SYAP1	0.234253204950153	0.184542790378701	0.0954446642363534	0.465799631422243	16719632
2591	SYP	-0.0190137995060002	-0.0640221936304889	NA	NA	49187804
10014	TAB3	-0.0320114649943937	0.132795132259245	-0.0131966521497036	-0.0508065786683257	30827442
21110	TAB3-AS1	0.448157857029803	-0.0310091553105786	0.157742132014735	0.00531542991380713	30834623
8838	TAF1	7.36903739823975e-06	-0.00821695715217988	0.017804926869018	-0.00947725784786267	71366239
15914	TAF9B	0.0205842451983194	0.158543908599297	-0.0186825722167239	-0.00106332661523402	78129748
2616	TAZ	-0.00141308923623614	-0.0614403730571365	0.0119811029929787	0.00199775736639875	154411518
1033	TBC1D25	0.0783166188507303	-0.0415571297421069	-0.0232409325642133	-0.00487741919445726	48539457
6659	TBC1D8B	-0.0427683936807596	0.0680406723858948	-0.205995129325387	-0.117629429508692	106802680
2561	TBL1X	-0.0385085858119716	-0.0297067057987379	-0.0834067862139798	-0.0453857628049744	9463295
13118	TCEAL1	0.0103341697974952	0.163492133863899	0.0127585803781221	0.0122162994002679	103628704
16509	TCEAL3	-0.0313803384562972	0.0398631419592206	0.00301704544755343	0.0383379741005114	103607451
6660	TCEAL4	-0.0559412848299062	0.0768498702251882	-0.0432029835813069	0.0368677500937176	103576231
14597	TCEAL8	-0.0779334673830442	0.0360913060097394	-0.043749822432693	-0.0245273849530392	103252995
13908	TCEANC	-0.057343459081496	0.0203801784761074	0.104748161276309	0.341994744204345	13653189
234	TENM1	0.357571813061693	NA	NA	NA	124375903
1032	TFE3	0.0735255365078311	-0.0350758620699388	0.0173906153425239	0.0439898005626158	49028726
5634	THOC2	-0.123737764371722	-0.072124524016095	-0.00423446124397654	-0.0480864428129966	123600561
5794	TIMM17B	0.0118525617635874	0.0229448019102481	0.0267546209056857	-0.0279200850058747	48893447
5823	TIMM8A	0.00231265358558041	-0.0869567553029361	-0.025110562707725	-0.0341250070757469	101345661
2636	TIMP1	0.158306562351809	0.281556915603113	-0.0603692584984288	0.169814924216303	47582313
180	TKTL1	0.0238261321351856	NA	NA	NA	154295671
10010	TMEM164	0.0034833412902155	-0.0435740246495752	0.0960516064677157	0.0307929016252912	110002631
30975	TMEM185A	-0.039162016250724	-0.0804331573603889	-0.0478666416435054	0.0255447657155384	149596556
14095	TMEM187	-0.0560004251966356	-0.0435419720764214	0.00585762205174597	0.261243544125261	153972327
15623	TMLHE	-0.100359713110541	0.0405908150398039	-0.0032293480228693	0.0414236193413479	155490115
18890	TMLHE-AS1	-0.0723909158884095	0.0133441569237994	NA	NA	155466540
10101	TMSB15B	0.0838184042481421	0.12896552658264	0.0434746560276679	0.132238636554105	103918896
17806	TMSB4X	-0.0871591961463712	0.0262354964655575	0.0212960607925454	0.0498885999736418	12975108
16494	TRAPPC2	0.0347940591479208	-0.0537924932192253	0.13566126027516	0.266220810061817	13712244
15062	TREX2	0.0222429071608836	-0.027166414084383	NA	0.0347937851897502	153444720
16250	TRMT2B	-0.00503160208485348	-0.0745892493820515	0.0481294468892126	0.0218264219920093	101009346
19302	TRMT2B-AS1	-0.0550615229681863	-0.167714582220232	0.0950140332343925	-0.0439453045374655	101043564
10000	TSC22D3	0.0487247645890108	-0.0418326870794841	0.00254227947867706	-0.116871028059539	107713221
31246	TSIX	0.531731147691163	0.416199429386854	NA	NA	73792205
1	TSPAN6	-0.10223729199271	-0.0522132065077475	NA	-0.00900114412227764	100627109
15221	TSPYL2	0.0899354617005611	-0.0438617716291366	-0.0122778027845956	-0.0588496721324989	53082367
10120	TSR2	0.020913448319318	-0.0423601880053931	0.0029546372513922	0.0376283501574796	54440401
1696	TXLNG	0.294875734886623	0.0923207128345862	0.235727885944407	0.532022229711597	16786427
6309	UBA1	0.192457605556448	0.087810610139264	0.154629002322853	0.258298280114231	47190861
1389	UBE2A	-0.0303560908035052	0.112949459093318	0.0235828492426104	0.0355700702316887	119574467
2623	UBL4A	0.0011120488734361	-0.0201727263915938	0.00139494620164513	-0.0204350471203812	154483717
16051	UBQLN2	-0.0482521697040758	-0.0182837349249554	-0.00570960493146678	-0.00134382012311752	56563639
5578	UPF3B	-0.089747830326239	-0.100351542323378	0.00985425270600196	-0.067862877181646	119834022
1996	UPRT	-0.0141339084795565	0.0107855254113839	-0.00957021827225964	0.00587511303948852	75274085
2630	USP11	0.0448502922537016	-0.107022665679239	-0.0575742397125801	-0.0546764562963304	47232690
32279	USP27X	0.099164277374876	NA	-0.018170640855615	0.100485463167585	49879948
5480	USP9X	0.259554682163421	0.141261244412187	0.137455810433557	0.173848532188595	41085635
9907	UTP14A	-0.11723653369585	0.00405830650956187	-0.00558786951766813	-0.069650872509088	129906121
5791	UXT	-0.0626746623464271	0.0712443036140171	-0.0271098661613689	-0.017130600934472	47651798
5459	VAMP7	-0.0578234024847222	0.0335985751710061	-0.031271165457982	-0.0355854330466033	155881293
9813	VBP1	-0.0447662568536193	-0.0223839809827995	-0.0158908124177947	-0.0130361951726562	155197007
10307	VMA21	-0.00290360910890863	0.0635769988879438	-0.00340526026706725	0.0193493643392726	151396515
2557	VSIG1	-0.0521463458208528	NA	NA	NA	108044970
357	WAS	-0.00448739715420393	-0.0539833401803925	0.0261313202852917	NA	48676596
14852	WASH6P	0.0385187366119926	0.0182177241848949	0.0305148945672348	-0.0123002277551026	156020826
2578	WDR13	-0.0114282061573738	0.00363286646137765	0.0141303072514293	-0.0217790962532313	48590042
6418	WDR44	-0.0744118151930412	0.0801055871331718	-0.0126453447179319	-0.0102319408186681	118346073
16647	WDR45	-0.0322986637852397	0.0110238812345955	0.0034731750070045	0.0156314746490986	49071470
625	WWC3	0.0496847079450871	-0.00064010762974255	0.218903248788247	0.133644542158337	10015562
2583	XIAP	-0.0345473919213079	-0.0499520430501685	0.0226069716142732	-0.0381096982940468	123859724
22962	XIAP-AS1	0.0986807495224569	0.00558956437091312	NA	NA	123872626
20556	XIST	1.05612719333488	1.06931883518382	1.15983094798274	1.00045213139369	73820651
14853	XKRX	0.0518400189159669	NA	NA	NA	100913445
14703	YIPF6	-0.0483088150630012	-0.0241719199359198	-0.0370524367711333	-0.051603924347547	68498323
18232	ZBED1	1.07233607175865	0.647867655503213	0.849273215566968	0.719126809974151	2486414
14026	ZBTB33	-0.0478775395641091	0.156710337567101	0.0144813431291074	-0.00425760526109726	120250752
2602	ZC3H12B	-0.016226110949462	NA	NA	NA	65366638
5824	ZC4H2	-0.0933819246529337	-0.167298292215025	-0.00461771640550923	-0.0593560003609372	64915802
11768	ZCCHC18	0.0491895798798205	NA	NA	NA	104112131
16199	ZDHHC9	-0.00680869980520857	0.074645237854805	-0.0419206036259124	-0.00564220147201173	129803288
110	ZFX	0.375743896889794	0.476809000757158	0.452551199950525	0.471192084025251	24149173
21972	ZFX-AS1	3.57041180241842	NA	NA	NA	24146225
11707	ZMAT1	-0.114659213644605	-0.0851501188045043	NA	NA	101882288
8837	ZMYM3	-0.0266075982235898	-0.136337140641088	-0.014023215253742	-0.0561998749483341	71239624
8830	ZNF157	-0.0309376903109792	NA	NA	NA	47370583
8831	ZNF182	-0.0796550685507955	-0.0427744142678552	0.0206079985065939	-0.0106849270354244	47974851
8871	ZNF185	-0.056248417504372	0.116460033074986	NA	0.00690362684418548	152914442
858	ZNF275	0.151936332894691	0.116450274645512	0.0658695213428547	0.0130084236788953	153334155
756	ZNF280C	-0.0497341417885368	NA	0.0132935626710886	-0.052747518233679	130202711
8835	ZNF41	-0.0615398916291834	-0.0514142508578207	0.0139096491947589	-0.0548839011135777	47445879
13280	ZNF449	-0.0424400881391251	0.156148524720945	0.00967825122399533	-0.00802660741013052	135344796
18493	ZNF630	-0.102434155940457	NA	-0.0184212144906441	-0.0594138681645724	47983356
25256	ZNF674	-0.00148409261935485	0.00650725358806452	-0.0119897011258745	-0.0602874863958752	46497727
20891	ZNF674-AS1	-0.0143647732010007	0.10741044433984	NA	0.0210797599000126	46545493
15713	ZNF75D	0.00781628474765651	0.286962827782071	0.0437610452405943	0.0136525446802939	135248920
16866	ZNF81	-0.0212239365062932	-0.0978157851468962	-0.0136233591294457	-0.0525630212041847	47836902
12390	ZRSR2	0.32896467772858	0.0766560603439772	0.398511890511611	0.57097019848813	15790472
17001	ZXDA	0.0416869460693864	NA	NA	0.00164440745640313	57906708
17057	ZXDB	0.12025907381008	0.0475540167069868	0.105727264457193	0.00680111037033188	57591652
626	ARHGAP6	NA	-0.0237576794128056	-0.143559786539855	NA	11137543
5821	ARMCX1	NA	-0.141411116337109	-0.30195632895151	0.0215070226606119	101550531
13992	BEND2	NA	-0.183281178166493	NA	NA	18162931
12850	CLCN5	NA	-0.045313598500732	-0.0622691072355203	-0.0753549308532291	49922615
30661	FMR1-AS1	NA	-0.0504874254036926	NA	NA	147909431
2619	GATA1	NA	-0.0598692217930457	NA	NA	48786554
12927	GPR34	NA	0.443207267785624	NA	NA	41688973
11421	HDX	NA	-0.0841117495981084	-0.131304947546297	-0.0627810965958206	84317874
5458	IQSEC2	NA	0.126973830883183	NA	0.0279524534666233	53232876
2605	KCND1	NA	-0.0883686739960312	NA	-0.113185448273274	48961378
20793	LINC00102	NA	0.689783847089267	NA	NA	2612988
17670	LINC01545	NA	0.118452801336793	NA	NA	46887417
30916	MAGIX	NA	-0.0156437871589532	NA	NA	49162564
22091	MED14OS	NA	0.0692132044369509	0.119669230775792	0.174617497616581	40735400
16080	NHS	NA	0.143855499405394	NA	0.010688346365991	17375420
2631	PCYT1B	NA	-0.0591920448486478	NA	NA	24558087
12519	REPS2	NA	-0.00745167487983227	NA	NA	16946691
23710	RGAG4	NA	-0.115154559909008	NA	0.16911666931466	72127110
32419	RP6-159A1.4	NA	0.154924808549112	NA	NA	66015461
14375	SLITRK4	NA	0.060173004611219	NA	NA	143622790
16005	SOWAHD	NA	0.153492135874386	0.0918697961168054	NA	119758613
6144	STARD8	NA	0.240303406799393	NA	0.139159610503939	68647666
2560	STS	NA	0.0534111398408191	0.782632522072713	0.765955676165179	7219456
2648	SYTL4	NA	-0.095199948717629	NA	0.0269055951148932	100674491
16557	TLR7	NA	0.0432327449808636	0.0724864815713522	NA	12867083
2574	TLR8	NA	0.0532551256567948	NA	NA	12906620
21486	U52111.14	NA	-0.00323613962982984	NA	NA	153735626
9781	VSIG4	NA	0.551434798385343	NA	NA	66021738
15447	WBP5	NA	-0.0454954505857019	-0.24282462614231	-0.00221934359496354	103356445
621	XK	NA	-0.286537767479678	NA	NA	37685759
9816	AFF2	NA	NA	NA	0.0689801747343966	148500619
5729	AMOT	NA	NA	NA	-0.0101772905404497	112774503
12344	AR	NA	NA	NA	-0.0500841835669979	67544032
6661	BEX1	NA	NA	NA	8.73357448383802	103062651
14854	BGN	NA	NA	NA	-0.064261235961485	153494939
17229	BHLHB9	NA	NA	NA	0.0302380847088051	102720688
33686	CDR1	NA	NA	NA	-0.184205264981003	140782405
17252	DMD	NA	NA	0.0352072445508372	-0.194136074909432	31097677
6331	EDA2R	NA	NA	0.0106463233515769	-0.0692082942176567	66595637
15817	ERCC6L	NA	NA	0.0383177511327994	0.0345334946338045	72204657
17988	FAM127C	NA	NA	NA	-0.0530420971944811	135020504
14679	FANCB	NA	NA	0.00549898131755412	-0.0284909213125143	14843407
2638	GABRE	NA	NA	NA	-0.118232663597152	151953124
1348	GPC4	NA	NA	NA	-0.0457975142345608	133300103
15219	GPR173	NA	NA	NA	-0.0696144757353715	53049091
5633	GRIA3	NA	NA	NA	0.0367323029676785	123184153
5727	GRPR	NA	NA	NA	0.348429193041851	16123556
22344	GS1-600G8.5	NA	NA	0.706196499668924	NA	13266048
763	GYG2	NA	NA	NA	0.194636786484506	2828788
1830	HEPH	NA	NA	NA	-0.118329913188171	66162549
5347	IL13RA2	NA	NA	NA	0.71001572068973	115003975
5460	IL9R	NA	NA	-0.150478606651959	NA	155997581
2628	JADE3	NA	NA	-0.14538259755206	0.127479271415271	46912276
1890	KIF4A	NA	NA	-0.00111749342376908	0.0513171962386312	70290090
17380	LINC00632	NA	NA	NA	-0.08076062193304	140709767
20478	LINC01204	NA	NA	NA	0.0752940953598562	45505388
6167	LRCH2	NA	NA	NA	-0.0932565223049421	115110616
342	MAMLD1	NA	NA	NA	0.0444756714912277	150361422
15259	MAP7D2	NA	NA	1.03341409263893	NA	20006713
2565	MID1	NA	NA	NA	-0.0679753150173338	10445310
18646	MIR503HG	NA	NA	NA	-0.141048923108576	134543337
2556	MXRA5	NA	NA	NA	-0.0342495191423654	3308565
5271	NUDT10	NA	NA	NA	-0.0232945121424158	51332231
16459	NUDT11	NA	NA	NA	-0.0242698834211181	51490011
13525	PABPC5	NA	NA	NA	0.0198100146672938	91434595
996	PHKA1	NA	NA	NA	1.06479147715262	72578814
1745	PIR	NA	NA	0.0383841427637992	-0.0431330375526113	15384799
2595	PLS3	NA	NA	-0.175122722383325	0.0889997998704772	115561174
17153	PLXNB3	NA	NA	NA	0.0118314001508925	153764196
6308	PRRG1	NA	NA	NA	-0.055071656512528	37349275
6310	RGN	NA	NA	NA	0.585253786752355	47078355
6657	RNF128	NA	NA	NA	-0.184103485659746	106693794
21926	RP11-120D5.1	NA	NA	-0.00459701167855114	NA	10847877
2610	SCML2	NA	NA	NA	0.0663236762667519	18239314
8828	SLC16A2	NA	NA	NA	0.13156800219564	74421461
6288	SLC6A8	NA	NA	0.0434420548421729	0.199589371409761	153688099
2599	SMARCA1	NA	NA	NA	-0.0349343712602728	129446501
15340	SMIM10	NA	NA	NA	0.0229133344989924	134990938
15791	SPIN4	NA	NA	0.0209183189619174	-0.054638218140455	63347228
2581	SRPX	NA	NA	NA	-0.0781329177404426	38149336
2647	SRPX2	NA	NA	NA	-0.0243751610368667	100644218
14942	TCEAL7	NA	NA	NA	0.224832285638385	103330196
8818	TMEM47	NA	NA	NA	0.0169796465366097	34627064
10077	TMSB15A	NA	NA	NA	-0.135861681785154	102513676
1006	TRO	NA	NA	-0.0604058853826795	-0.187082901371536	54920462
5461	XG	NA	NA	NA	0.130616623744411	2752050
5191	XPNPEP2	NA	NA	NA	-0.130669114069956	129738974
20876	YY2	NA	NA	NA	0.0518708087265874	21855987
8850	ZNF711	NA	NA	-0.218516080025932	-0.387113518822839	85244032
